{"valid": true, "army": "air",
"type": "fa_18c_switzerland",
"speed": 183.343262,
"pedals1": 0.000000,
"pedals2": 0.000000,
"pedals3": 0.000000,
"pedals4": 0.000000,
"pedals5": 0.000000,
"stick_elevator": 0.000000,
"stick_ailerons": 0.000000,
"vario": 46.047821,
"altitude_hour": 606.025757,
"altitude_min": 606.025757,
"altitude_10k": 606.025757,
"altitude1_10k": 606.025757,
"radio_altitude": 607.166931,
"aviahorizon_roll": 0.409921,
"aviahorizon_pitch": -16.727312,
"bank": -0.015682,
"turn": -0.000453,
"compass": 12.774525,
"clock_hour": 10.766666,
"clock_min": 46.000000,
"clock_sec": 26.000000,
"airbrake_lever": 0.000000,
"gears": 1.000000,
"gear_lamp_down": 1.000000,
"gear_lamp_up": 1.000000,
"gear_lamp_off": 1.000000,
"throttle": 1.099978,
"throttle1": 1.099978,
"weapon2": 0.000000,
"weapon3": 0.000000,
"flaps_indicator": 0.000000,
"flaps_indicator1": 0.000000,
"aoa_indexer1": 2.447470,
"aoa_indexer2": 2.447470,
"aoa_indexer3": 2.447470,
"blister1": 0.000000,
"blister2": 0.000000,
"blister3": 0.000000,
"blister4": 0.000000,
"blister5": 0.000000,
"blister6": 0.000000,
"blister7": 0.000000,
"blister8": 0.000000,
"blister9": 0.000000,
"blister10": 0.000000,
"blister11": 0.000000}